
Museum north
	(36.16475466532144, -86.78423523902893)
	(36.1649528001122, -86.78377389907837)
	(36.1648802590174, -86.78372025489807)
	(36.16487051468612, -86.78375110030174)
	(36.164851026019924, -86.78373366594314)
	(36.16454570295029, -86.7835284769535)
	(36.164474244187794, -86.78374037146568)
	(36.16451646982806, -86.78375512361526)
	(36.16444825916709, -86.78393349051475)
	(36.16432591291221, -86.78385704755783)
	(36.164286935304176, -86.78395092487335)
	(36.16435839423743, -86.78400188684463)
	(36.16441469516927, -86.78401663899421)
	(36.16475358261628, -86.78424194455147)

Museum south
	(36.16426636379135, -86.78393617272377)
	(36.16429884514125, -86.78383558988571)
	(36.164198152912746, -86.78377121686935)
	(36.16427502548596, -86.78359284996986)
	(36.16431183767743, -86.78362235426903)
	(36.16439737182027, -86.783437281847)
	(36.16406281369219, -86.78324416279793)
	(36.16399243720515, -86.78318113088608)
	(36.163804044451986, -86.78362503647804)
	(36.16416350609453, -86.78385302424431)
	(36.16420031833837, -86.78390264511108)
	(36.16425986751976, -86.78393483161926)

North trees
	(36.16503010502958, -86.7835807800293)
	(36.165164359880606, -86.78325891494751)
	(36.16480923364535, -86.78300678730011)
	(36.16477891791661, -86.78299069404602)
	(36.16472261724636, -86.7831140756607)
	(36.165051759053384, -86.78332328796387)
	(36.16496514292238, -86.78351908922195)

South trees
	(36.16461001578043, -86.78286999464035)
	(36.16403184803493, -86.78250253200531)
	(36.16388892950791, -86.7828431725502)
	(36.16414878118141, -86.78303092718124)
	(36.164161340657564, -86.78301885724067)
	(36.1639989334886, -86.78291022777557)
	(36.164085550687254, -86.78269699215889)
	(36.164572770646366, -86.78301349282264)
	(36.1646301541311, -86.78288877010345)

North fountain
	(36.1648802590174, -86.78347617387771)
	(36.164677793218594, -86.78334340453148)
	(36.16473842474259, -86.78319051861763)
	(36.1649528001122, -86.78332462906837)
	(36.1648802590174, -86.78348690271377)

South fountain
	(36.164441762910584, -86.78319856524467)
	(36.164233882417655, -86.78306177258491)
	(36.16429776241947, -86.78290352225303)
	(36.16450889086866, -86.78304567933082)
	(36.164441762910584, -86.78319856524467)

Hole in the ground
	(36.164172167800515, -86.78299605846405)
	(36.16422522072882, -86.78285792469978)
	(36.164092046983626, -86.78277611732483)
	(36.164036828535096, -86.78290486335754)
	(36.164172167800515, -86.78299069404602)

Boundary
	(36.16588413516314, -86.78201973438263)
	(36.165650273873176, -86.78258836269378)
	(36.16595342726319, -86.78281366825104)
	(36.16589712743656, -86.78291022777557)
	(36.165628620014736, -86.78276538848877)
	(36.16494868581691, -86.78435862064361)
	(36.16572822771402, -86.78490579128265)
	(36.16563295078692, -86.78505063056946)
	(36.164844746311545, -86.78451955318451)
	(36.16426874572112, -86.78587138652801)
	(36.164104173346445, -86.78571045398712)
	(36.163038775404615, -86.78486287593841)
	(36.163194688203, -86.78390800952911)
	(36.16335493158932, -86.78348958492279)
	(36.16309507728426, -86.78331255912781)
	(36.163138386394934, -86.78324282169342)
	(36.16340690234697, -86.78340911865234)
	(36.16359313061225, -86.78298532962799)
	(36.16308641545925, -86.78264737129211)
	(36.16317736457406, -86.78245425224304)
	(36.163718726169264, -86.78276538848877)
	(36.163861645006605, -86.78236842155456)
	(36.16315137912345, -86.78180515766144)
	(36.163203350016055, -86.78167641162872)
	(36.16399590185888, -86.7821592092514)
	(36.16443764858848, -86.7810970544815)
	(36.16400023272124, -86.78081274032593)
	(36.16403054875117, -86.78067326545715)
	(36.164498280298254, -86.78095757961273)
	(36.1647321450252, -86.78036749362945)
	(36.16486206957202, -86.78043723106384)
	(36.16464119771429, -86.78098976612091)
	(36.165251841920345, -86.78143501281738)
	(36.16554633529813, -86.78057134151459)
	(36.16578019689818, -86.78085029125213)
	(36.165481373618725, -86.78154766559601)
	(36.16582350452532, -86.78172469139099)
	(36.16594909650874, -86.7815101146698)
	(36.166031380802536, -86.78163886070251)
	(36.16566326618537, -86.78256690502167)

North side of secondary building
	(36.16422673650312, -86.78439885377884)
	(36.16431551887251, -86.78418427705765)
	(36.164655489454795, -86.78442567586899)
	(36.164237563626706, -86.78543150424957)
	(36.163066060179965, -86.78465634584427)
	(36.163161340227084, -86.78445249795913)
	(36.16317866385958, -86.78447127342224)
	(36.16308771474629, -86.78465634584427)
	(36.163546790144984, -86.78495675325393)
	(36.163759003335734, -86.78454369306564)
	(36.163904087533474, -86.78461611270904)
	(36.16394089989914, -86.78456246852875)
	(36.164055667751725, -86.78464025259018)
	(36.164038344313035, -86.78473144769668)
	(36.16417260086268, -86.78483873605728)
	(36.16400802828613, -86.78526520729065)
	(36.16415094659604, -86.78537249565124)
	(36.16418342799375, -86.7852920293808)
	(36.16410114176004, -86.78522765636444)
	(36.16415094659604, -86.78508818149566)
	(36.16424405990015, -86.78516328334808)
	(36.16421157852755, -86.78527057170868)
	(36.16426354871726, -86.7853108048439)
	(36.1646273390804, -86.78443640470505)
	(36.16436315815121, -86.78425401449203)
	(36.16427004498854, -86.78444176912308)
	(36.164213743952814, -86.78439617156982)
	(36.16431335345005, -86.78418427705765)


